[static]
4 26 109 536
109 536 713 536
361 485 712 485
448 435 711 435
713 536 1083 381
712 485 1082 329
1082 329 1080 329
711 435 1082 272
1083 381 1599 381
1599 381 1599 380
1082 329 1246 374
1082 272 1330 366
1330 366 1330 366
1599 381 1802 381
1466 347 1574 347
1574 345 1574 345
1548 316 1682 316
1682 317 1682 317
1608 288 1750 288
1750 290 1750 290
1673 263 1822 263
1822 263 1822 263
1802 381 2071 263
2071 263 2069 264
1797 228 2102 228
2102 224 2102 224
2071 263 2301 263
2301 263 2594 523
2594 523 2727 523
2727 523 2897 450
2867 547 3381 547
3381 568 3381 568
[/static]
